3 3
1 2 3
4 5 6
7 8 9
2 4
1 A 2 3
7 B 8 0

3 5
1 2 3 A 5
4 5 6 7 8
7 8 9 8 0
2 4
1 A 2 3
7 B 8 0

5 3
1 4 7
2 5 8
3 6 9
A 7 8
5 8 0
4 2
1 7
A B
2 8
3 0

3 3
1 1 1
2 2 2
3 3 3
3 3
1 1 1
2 2 2
3 3 3

3 3
1 1 1
2 2 2
3 3 3
3 3
1 11 1
2 2 2
3 3 3

1 3
撒旦法 111 3221
3 3
1 111 1
2 2 2
3 3 3

1 3
撒旦法 1 3221
3 3
1 111 1
撒旦法 1 3221
3 3 3

1 3
撒旦法 2 3221
3 3
1 111 1
撒旦法 1 3221
3 3 3

10 4
1 4 7 2
2 5 8 3
3 6 9 4
A 7 8 6
5 8 0 7
1 4 7 8
2 5 8 8
3 6 9 10
A 7 8 1111
5 8 0 55
9 5
1 4 7 2 1
2 56465 8 3 2
3 6 46546 4 3
A 7 8 6 4
5 564654 0 7 5
1 4 7 8 6
2 5 8 8 7
3 6 9 10 8
A 7 8 1111 9

3 3
1 2 3
4 5 6
7 8 9
3 3
4 5 6
7 8 9
1 2 3

3 3
1 4 7
2 5 8
3 6 9
3 3
4 7 1
5 8 2
6 9 3

3 3
1 2 3
4 5 6
7 8 9
3 3
1 2 3
7 8 9
1 2 3

4 4
1 2 3 4
5 6 7 8
9 10 11 12
13 14 15 16
4 4
4 5 6 7
8 1 2 3
12 9 10 11
16 13 14 15

5 3
1 2 3
4 5 6
7 8 9
10 11 12
13 14 15
5 3
4 5 6
1 2 3
13 14 15
10 11 12
7 8 9